106;22;1;1;1;20180131
107;22;2;2;4;20180131
108;22;5;5;15;20180131
109;22;16;16;21;20180131
110;22;22;22;60;20180131
111;23;1;1;1;20180207
112;23;2;2;4;20180207
113;23;5;5;15;20180207
114;23;16;16;21;20180207
115;23;22;22;60;20180207
116;24;1;1;1;20180222
117;24;2;2;4;20180222
118;24;5;5;15;20180222
119;24;16;16;21;20180222
120;24;22;22;60;20180222
121;25;1;1;1;20180312
122;25;2;2;4;20180312
123;25;5;5;15;20180312
124;25;16;16;21;20180312
125;25;22;22;60;20180312
126;26;1;1;1;20180312
127;26;2;2;4;20180312
128;26;5;5;15;20180312
129;26;16;16;21;20180312
130;26;22;22;60;20180312
131;27;1;1;1;20180328
132;27;2;2;5;20180328
133;27;6;6;20;20180328
134;27;21;21;50;20180328
135;27;51;51;100;20180328
136;28;1;1;1;20180423
137;28;2;2;5;20180423
138;28;6;6;20;20180423
139;28;21;21;50;20180423
140;28;51;51;100;20180423
141;29;1;1;1;20180423
142;29;2;2;5;20180423
143;29;6;6;20;20180423
144;29;21;21;50;20180423
145;29;51;51;100;20180423
146;30;1;1;1;20180516
147;30;2;2;4;20180516
148;30;5;5;15;20180516
149;30;16;16;21;20180516
150;30;22;22;60;20180516
151;31;1;1;1;20180605
152;31;2;2;4;20180605
153;31;5;5;15;20180605
154;31;16;16;21;20180605
155;31;22;22;60;20180605
156;32;1;1;1;20180605
157;32;2;2;4;20180605
158;32;5;5;15;20180605
159;32;16;16;21;20180605
160;32;22;22;60;20180605
161;33;1;1;1;20180612
162;33;2;2;4;20180612
163;33;5;5;15;20180612
164;33;16;16;21;20180612
165;33;22;22;60;20180612
166;34;1;1;1;20180807
167;34;2;2;4;20180807
168;34;5;5;15;20180807
169;34;16;16;21;20180807
170;34;22;22;60;20180807
171;35;1;1;1;20180816
172;35;2;2;5;20180816
173;35;6;6;20;20180816
174;35;21;21;50;20180816
175;35;51;51;100;20180816
176;36;1;1;1;20180816
177;36;2;2;5;20180816
178;36;6;6;20;20180816
179;36;21;21;50;20180816
180;36;51;51;100;20180816
181;37;1;1;1;20180820
182;37;2;2;5;20180820
183;37;6;6;20;20180820
184;37;21;21;50;20180820
185;37;51;51;100;20180820
186;38;1;1;1;20180820
187;38;2;2;5;20180820
188;38;6;6;20;20180820
189;38;21;21;50;20180820
190;38;51;51;100;20180820
191;39;1;1;1;20180821
192;39;2;2;5;20180821
193;39;6;6;20;20180821
194;39;21;21;50;20180821
195;39;51;51;100;20180821
196;40;1;1;1;20180821
197;40;2;2;4;20180821
198;40;5;5;15;20180821
199;40;16;16;21;20180821
200;40;22;22;60;20180821
201;41;1;1;1;20180822
202;41;2;2;5;20180822
203;41;6;6;20;20180822
204;41;21;21;50;20180822
205;41;51;51;100;20180822
206;42;1;1;1;20180827
207;42;2;2;5;20180827
208;42;6;6;20;20180827
209;42;21;21;50;20180827
210;42;51;51;100;20180827
211;43;1;1;1;20180827
212;43;2;2;5;20180827
213;43;6;6;20;20180827
214;43;21;21;50;20180827
215;43;51;51;100;20180827
216;44;1;1;1;20180827
217;44;2;2;5;20180827
218;44;6;6;20;20180827
219;44;21;21;50;20180827
220;44;51;51;100;20180827
221;45;1;1;1;20180905
222;45;2;2;4;20180905
223;45;5;5;15;20180905
224;45;16;16;21;20180905
225;45;22;22;60;20180905
226;46;1;1;1;20180912
227;46;2;2;5;20180912
228;46;6;6;20;20180912
229;46;21;21;50;20180912
230;46;51;51;100;20180912
231;47;1;1;1;20180912
232;47;2;2;5;20180912
233;47;6;6;20;20180912
234;47;21;21;50;20180912
235;47;51;51;100;20180912
236;48;1;1;1;20180917
237;48;2;2;5;20180917
238;48;6;6;20;20180917
239;48;21;21;50;20180917
240;48;51;51;100;20180917
241;49;1;1;1;20180919
242;49;2;2;5;20180919
243;49;6;6;20;20180919
244;49;21;21;50;20180919
245;49;51;51;100;20180919
246;50;1;1;1;20180919
247;50;2;2;5;20180919
248;50;6;6;20;20180919
249;50;21;21;50;20180919
250;50;51;51;100;20180919
251;51;1;1;1;20180920
252;51;2;2;5;20180920
253;51;6;6;20;20180920
254;51;21;21;50;20180920
255;51;51;51;100;20180920
